0.30000
20 10
9 14 5 7 18 16 2 10 17 15
8
0 19
1 1005
2 925
3 667
4 1222
5 469
6 747
7 566
8 1264
9 1087
10 413
11 1184
12 963
13 1115
14 426
15 802
16 625
17 1601
18 1113
19 792
1 19
0 1005
2 348
3 606
4 217
5 536
6 510
7 439
8 703
9 797
10 592
11 615
12 386
13 538
14 587
15 203
16 388
17 624
18 854
19 555
2 19
0 925
1 348
3 258
4 565
5 456
6 452
7 381
8 355
9 449
10 512
11 557
12 38
13 190
14 507
15 145
16 330
17 676
18 506
19 497
3 19
0 667
1 606
2 258
4 823
5 198
6 570
7 295
8 613
9 420
10 254
11 815
12 296
13 448
14 249
15 403
16 448
17 934
18 764
19 615
4 19
0 1222
1 217
2 565
3 823
5 753
6 727
7 656
8 920
9 994
10 809
11 832
12 603
13 755
14 804
15 420
16 605
17 841
18 1071
19 772
5 19
0 469
1 536
2 456
3 198
4 753
6 372
7 97
8 811
9 618
10 56
11 715
12 494
13 646
14 51
15 333
16 250
17 1132
18 738
19 417
6 19
0 747
1 510
2 452
3 570
4 727
5 372
7 469
8 517
9 683
10 334
11 719
12 490
13 424
14 321
15 307
16 122
17 910
18 366
19 45
7 19
0 566
1 439
2 381
3 295
4 656
5 97
6 469
8 736
9 715
10 153
11 618
12 419
13 571
14 148
15 236
16 347
17 1057
18 835
19 514
8 19
0 1264
1 703
2 355
3 613
4 920
5 811
6 517
7 736
9 424
10 851
11 912
12 317
13 165
14 838
15 500
16 639
17 651
18 151
19 544
9 19
0 1087
1 797
2 449
3 420
4 994
5 618
6 683
7 715
8 424
10 674
11 1006
12 411
13 259
14 669
15 594
16 637
17 569
18 347
19 638
10 19
0 413
1 592
2 512
3 254
4 809
5 56
6 334
7 153
8 851
9 674
11 771
12 550
13 702
14 13
15 389
16 212
17 1188
18 700
19 379
11 19
0 1184
1 615
2 557
3 815
4 832
5 715
6 719
7 618
8 912
9 1006
10 771
12 595
13 747
14 766
15 412
16 597
17 1233
18 1063
19 764
12 19
0 963
1 386
2 38
3 296
4 603
5 494
6 490
7 419
8 317
9 411
10 550
11 595
13 152
14 545
15 183
16 368
17 638
18 468
19 531
13 19
0 1115
1 538
2 190
3 448
4 755
5 646
6 424
7 571
8 165
9 259
10 702
11 747
12 152
14 697
15 335
16 520
17 486
18 316
19 379
14 19
0 426
1 587
2 507
3 249
4 804
5 51
6 321
7 148
8 838
9 669
10 13
11 766
12 545
13 697
15 384
16 199
17 1183
18 687
19 366
15 19
0 802
1 203
2 145
3 403
4 420
5 333
6 307
7 236
8 500
9 594
10 389
11 412
12 183
13 335
14 384
16 185
17 821
18 651
19 352
16 19
0 625
1 388
2 330
3 448
4 605
5 250
6 122
7 347
8 639
9 637
10 212
11 597
12 368
13 520
14 199
15 185
17 1006
18 488
19 167
17 19
0 1601
1 624
2 676
3 934
4 841
5 1132
6 910
7 1057
8 651
9 569
10 1188
11 1233
12 638
13 486
14 1183
15 821
16 1006
18 802
19 865
18 19
0 1113
1 854
2 506
3 764
4 1071
5 738
6 366
7 835
8 151
9 347
10 700
11 1063
12 468
13 316
14 687
15 651
16 488
17 802
19 411
19 19
0 792
1 555
2 497
3 615
4 772
5 417
6 45
7 514
8 544
9 638
10 379
11 764
12 531
13 379
14 366
15 352
16 167
17 865
18 411