1.00000
20 10
19 18 11 17 1 3 5 6 16 12
13
0 19
1 717
2 68
3 752
4 461
5 15
6 531
7 959
8 83
9 285
10 355
11 318
12 130
13 526
14 377
15 586
16 494
17 434
18 362
19 295
1 19
0 717
2 649
3 1339
4 443
5 732
6 538
7 941
8 800
9 789
10 362
11 586
12 701
13 508
14 527
15 245
16 613
17 441
18 355
19 866
2 19
0 68
1 649
3 820
4 489
5 83
6 463
7 987
8 151
9 217
10 287
11 386
12 62
13 554
14 405
15 518
16 538
17 366
18 294
19 227
3 19
0 752
1 1339
2 820
4 896
5 737
6 1076
7 1394
8 669
9 1037
10 1107
11 871
12 833
13 961
14 812
15 1289
16 1216
17 1173
18 1114
19 668
4 19
0 461
1 443
2 489
3 896
5 446
6 180
7 498
8 378
9 346
10 356
11 143
12 551
13 65
14 84
15 441
16 607
17 277
18 363
19 716
5 19
0 15
1 732
2 83
3 737
4 446
6 546
7 944
8 68
9 300
10 370
11 303
12 145
13 511
14 362
15 601
16 479
17 449
18 377
19 310
6 19
0 531
1 538
2 463
3 1076
4 180
5 546
7 548
8 558
9 526
10 176
11 323
12 525
13 115
14 264
15 491
16 427
17 97
18 183
19 690
7 19
0 959
1 941
2 987
3 1394
4 498
5 944
6 548
8 876
9 844
10 724
11 641
12 1049
13 433
14 582
15 809
16 975
17 645
18 731
19 1214
8 19
0 83
1 800
2 151
3 669
4 378
5 68
6 558
7 876
9 368
10 438
11 235
12 213
13 443
14 294
15 669
16 547
17 517
18 445
19 378
9 19
0 285
1 789
2 217
3 1037
4 346
5 300
6 526
7 844
8 368
10 504
11 489
12 279
13 411
14 430
15 735
16 755
17 583
18 511
19 444
10 19
0 355
1 362
2 287
3 1107
4 356
5 370
6 176
7 724
8 438
9 504
11 494
12 349
13 291
14 440
15 607
16 251
17 79
18 7
19 514
11 19
0 318
1 586
2 386
3 871
4 143
5 303
6 323
7 641
8 235
9 489
10 494
12 448
13 208
14 59
15 584
16 745
17 420
18 487
19 613
12 19
0 130
1 701
2 62
3 833
4 551
5 145
6 525
7 1049
8 213
9 279
10 349
11 448
13 616
14 467
15 456
16 600
17 428
18 356
19 165
13 19
0 526
1 508
2 554
3 961
4 65
5 511
6 115
7 433
8 443
9 411
10 291
11 208
12 616
14 149
15 376
16 542
17 212
18 298
19 781
14 19
0 377
1 527
2 405
3 812
4 84
5 362
6 264
7 582
8 294
9 430
10 440
11 59
12 467
13 149
15 525
16 691
17 361
18 447
19 632
15 19
0 586
1 245
2 518
3 1289
4 441
5 601
6 491
7 809
8 669
9 735
10 607
11 584
12 456
13 376
14 525
16 858
17 588
18 600
19 621
16 19
0 494
1 613
2 538
3 1216
4 607
5 479
6 427
7 975
8 547
9 755
10 251
11 745
12 600
13 542
14 691
15 858
17 330
18 258
19 765
17 19
0 434
1 441
2 366
3 1173
4 277
5 449
6 97
7 645
8 517
9 583
10 79
11 420
12 428
13 212
14 361
15 588
16 330
18 86
19 593
18 19
0 362
1 355
2 294
3 1114
4 363
5 377
6 183
7 731
8 445
9 511
10 7
11 487
12 356
13 298
14 447
15 600
16 258
17 86
19 521
19 19
0 295
1 866
2 227
3 668
4 716
5 310
6 690
7 1214
8 378
9 444
10 514
11 613
12 165
13 781
14 632
15 621
16 765
17 593
18 521