0.30000
40 20
22 23 32 35 6 4 30 14 1 15 31 34 27 10 17 24 29 2 16 13
5
0 39
1 927
2 1081
3 461
4 1141
5 248
6 373
7 888
8 268
9 883
10 487
11 975
12 876
13 1210
14 1216
15 387
16 408
17 510
18 1171
19 899
20 763
21 946
22 1347
23 1348
24 664
25 1574
26 836
27 580
28 601
29 1200
30 807
31 1116
32 626
33 1153
34 1043
35 1021
36 511
37 815
38 884
39 1840
1 39
0 927
2 2008
3 1334
4 1707
5 1175
6 1300
7 700
8 1162
9 705
10 1328
11 1086
12 885
13 845
14 1111
15 1260
16 519
17 621
18 1679
19 908
20 1384
21 1098
22 1159
23 2221
24 775
25 1765
26 947
27 1453
28 1046
29 1712
30 816
31 1989
32 1553
33 1363
34 1052
35 426
36 1405
37 1229
38 1459
39 1475
2 39
0 1081
1 2008
3 1542
4 1622
5 833
6 708
7 1319
8 1349
9 1324
10 1568
11 1577
12 1272
13 1606
14 1551
15 1468
16 1489
17 1500
18 1506
19 1295
20 1844
21 1105
22 1778
23 2429
24 1346
25 2205
26 1765
27 1661
28 1558
29 2099
30 1203
31 2197
32 1707
33 1750
34 967
35 1606
36 1592
37 1150
38 1965
39 2236
3 39
0 461
1 1334
2 1542
4 1455
5 709
6 834
7 871
8 582
9 876
10 801
11 1382
12 686
13 1158
14 1097
15 74
16 815
17 713
18 1632
19 709
20 302
21 827
22 1330
23 1035
24 867
25 1113
26 1039
27 267
28 288
29 887
30 755
31 655
32 1087
33 840
34 965
35 1349
36 825
37 696
38 701
39 1788
4 39
0 1141
1 1707
2 1622
3 1455
5 937
6 1062
7 1007
8 873
9 1012
10 654
11 889
12 960
13 1294
14 1325
15 1381
16 1290
17 1188
18 1860
19 983
20 1691
21 793
22 1466
23 2342
24 1034
25 1979
26 1514
27 1188
28 1332
29 1787
30 891
31 2110
32 1767
33 1438
34 655
35 1485
36 1116
37 924
38 1137
39 1924
5 39
0 248
1 1175
2 833
3 709
4 937
6 125
7 1096
8 516
9 1101
10 735
11 744
12 1049
13 1234
14 968
15 635
16 656
17 758
18 923
19 1072
20 1011
21 698
22 1555
23 1596
24 912
25 1622
26 1084
27 828
28 849
29 1448
30 980
31 1364
32 874
33 1393
34 836
35 773
36 759
37 567
38 1132
39 1864
6 39
0 373
1 1300
2 708
3 834
4 1062
5 125
7 971
8 641
9 976
10 860
11 869
12 924
13 1109
14 843
15 760
16 781
17 883
18 798
19 947
20 1136
21 573
22 1430
23 1721
24 998
25 1497
26 1057
27 953
28 850
29 1573
30 855
31 1489
32 999
33 1268
34 711
35 898
36 884
37 442
38 1257
39 1739
7 39
0 888
1 700
2 1319
3 871
4 1007
5 1096
6 971
8 620
9 5
10 839
11 1082
12 185
13 519
14 785
15 945
16 515
17 413
18 1163
19 208
20 684
21 398
22 459
23 1906
24 259
25 1439
26 739
27 935
28 838
29 1012
30 116
31 1526
32 1514
33 663
34 352
35 710
36 863
37 529
38 1236
39 1149
8 39
0 268
1 1162
2 1349
3 582
4 873
5 516
6 641
7 620
9 615
10 219
11 1107
12 805
13 1139
14 1405
15 508
16 643
17 541
18 1439
19 828
20 884
21 1018
22 1079
23 1469
24 695
25 1695
26 814
27 315
28 722
29 1106
30 736
31 1237
32 894
33 1274
34 972
35 1289
36 243
37 1083
38 616
39 1769
9 39
0 883
1 705
2 1324
3 876
4 1012
5 1101
6 976
7 5
8 615
10 834
11 1087
12 190
13 524
14 790
15 950
16 520
17 418
18 1168
19 213
20 679
21 403
22 464
23 1911
24 264
25 1444
26 744
27 930
28 843
29 1017
30 121
31 1531
32 1509
33 668
34 357
35 715
36 858
37 534
38 1231
39 1154
10 39
0 487
1 1328
2 1568
3 801
4 654
5 735
6 860
7 839
8 219
9 834
11 888
12 1024
13 1358
14 1553
15 727
16 809
17 707
18 1658
19 1047
20 1103
21 1237
22 1298
23 1688
24 861
25 1914
26 1033
27 534
28 896
29 1325
30 955
31 1456
32 1113
33 1493
34 1191
35 1508
36 462
37 1302
38 483
39 1988
11 39
0 975
1 1086
2 1577
3 1382
4 889
5 744
6 869
7 1082
8 1107
9 1087
10 888
12 1035
13 931
14 665
15 1308
16 567
17 669
18 1667
19 1058
20 1684
21 1197
22 1541
23 2269
24 823
25 1319
26 995
27 1422
28 1094
29 1862
30 966
31 1777
32 1601
33 1090
34 1202
35 1512
36 1350
37 1066
38 1371
39 1561
12 39
0 876
1 885
2 1272
3 686
4 960
5 1049
6 924
7 185
8 805
9 190
10 1024
11 1035
13 472
14 738
15 760
16 468
17 366
18 1116
19 23
20 869
21 351
22 644
23 1721
24 212
25 1392
26 692
27 953
28 761
29 827
30 69
31 1341
32 1502
33 616
34 305
35 663
36 1048
37 482
38 1174
39 1102
13 39
0 1210
1 845
2 1606
3 1158
4 1294
5 1234
6 1109
7 519
8 1139
9 524
10 1358
11 931
12 472
14 266
15 1232
16 802
17 700
18 1450
19 495
20 1203
21 685
22 978
23 2193
24 546
25 920
26 1026
27 1425
28 1075
29 1299
30 403
31 1378
32 1779
33 691
34 639
35 997
36 1303
37 667
38 930
39 630
14 39
0 1216
1 1111
2 1551
3 1097
4 1325
5 968
6 843
7 785
8 1405
9 790
10 1553
11 665
12 738
13 266
15 1023
16 1068
17 966
18 1641
19 761
20 1399
21 532
22 1244
23 1984
24 812
25 654
26 1016
27 1216
28 809
29 1565
30 669
31 1112
32 1842
33 425
34 670
35 1263
36 1569
37 401
38 1196
39 896
15 39
0 387
1 1260
2 1468
3 74
4 1381
5 635
6 760
7 945
8 508
9 950
10 727
11 1308
12 760
13 1232
14 1023
16 741
17 639
18 1558
19 783
20 376
21 753
22 1404
23 961
24 793
25 1187
26 965
27 193
28 214
29 813
30 829
31 729
32 1013
33 766
34 891
35 1408
36 751
37 622
38 627
39 1862
16 39
0 408
1 519
2 1489
3 815
4 1290
5 656
6 781
7 515
8 643
9 520
10 809
11 567
12 468
13 802
14 1068
15 741
17 102
18 1160
19 491
20 1117
21 681
22 974
23 1702
24 256
25 1722
26 428
27 934
28 527
29 1295
30 399
31 1470
32 1034
33 946
34 635
35 945
36 886
37 812
38 940
39 1432
17 39
0 510
1 621
2 1500
3 713
4 1188
5 758
6 883
7 413
8 541
9 418
10 707
11 669
12 366
13 700
14 966
15 639
16 102
18 1058
19 389
20 1015
21 579
22 872
23 1600
24 154
25 1620
26 326
27 832
28 425
29 1193
30 297
31 1368
32 1136
33 844
34 533
35 891
36 784
37 710
38 838
39 1330
18 39
0 1171
1 1679
2 1506
3 1632
4 1860
5 923
6 798
7 1163
8 1439
9 1168
10 1658
11 1667
12 1116
13 1450
14 1641
15 1558
16 1160
17 1058
19 1139
20 1847
21 1329
22 1622
23 2519
24 904
25 2295
26 1384
27 1751
28 1483
29 1943
30 1047
31 2287
32 1797
33 1594
34 1283
35 1641
36 1682
37 1240
38 1896
39 2080
19 39
0 899
1 908
2 1295
3 709
4 983
5 1072
6 947
7 208
8 828
9 213
10 1047
11 1058
12 23
13 495
14 761
15 783
16 491
17 389
18 1139
20 892
21 374
22 667
23 1744
24 235
25 1415
26 715
27 976
28 784
29 850
30 92
31 1364
32 1525
33 639
34 328
35 686
36 1071
37 505
38 1197
39 1125
20 39
0 763
1 1384
2 1844
3 302
4 1691
5 1011
6 1136
7 684
8 884
9 679
10 1103
11 1684
12 869
13 1203
14 1399
15 376
16 1117
17 1015
18 1847
19 892
21 1082
22 1143
23 1337
24 943
25 1415
26 1341
27 569
28 590
29 1189
30 800
31 957
32 1389
33 1142
34 1036
35 1394
36 1127
37 998
38 1003
39 1833
21 39
0 946
1 1098
2 1105
3 827
4 793
5 698
6 573
7 398
8 1018
9 403
10 1237
11 1197
12 351
13 685
14 532
15 753
16 681
17 579
18 1329
19 374
20 1082
22 857
23 1714
24 425
25 1186
26 746
27 946
28 539
29 1178
30 282
31 1482
32 1572
33 829
34 138
35 876
36 1261
37 131
38 952
39 1315
22 39
0 1347
1 1159
2 1778
3 1330
4 1466
5 1555
6 1430
7 459
8 1079
9 464
10 1298
11 1541
12 644
13 978
14 1244
15 1404
16 974
17 872
18 1622
19 667
20 1143
21 857
23 2365
24 718
25 1898
26 1198
27 1394
28 1297
29 1471
30 575
31 1985
32 1973
33 1122
34 811
35 1169
36 1322
37 988
38 1695
39 1608
23 39
0 1348
1 2221
2 2429
3 1035
4 2342
5 1596
6 1721
7 1906
8 1469
9 1911
10 1688
11 2269
12 1721
13 2193
14 1984
15 961
16 1702
17 1600
18 2519
19 1744
20 1337
21 1714
22 2365
24 1754
25 2148
26 1926
27 1154
28 1175
29 1774
30 1790
31 1690
32 1974
33 1727
34 1852
35 2369
36 1712
37 1583
38 1588
39 2823
24 39
0 664
1 775
2 1346
3 867
4 1034
5 912
6 998
7 259
8 695
9 264
10 861
11 823
12 212
13 546
14 812
15 793
16 256
17 154
18 904
19 235
20 943
21 425
22 718
23 1754
25 1466
26 480
27 986
28 579
29 1039
30 143
31 1522
32 1290
33 690
34 379
35 737
36 938
37 556
38 992
39 1176
25 39
0 1574
1 1765
2 2205
3 1113
4 1979
5 1622
6 1497
7 1439
8 1695
9 1444
10 1914
11 1319
12 1392
13 920
14 654
15 1187
16 1722
17 1620
18 2295
19 1415
20 1415
21 1186
22 1898
23 2148
24 1466
26 1670
27 1380
28 1401
29 1097
30 1323
31 458
32 2200
33 1079
34 1324
35 1917
36 1938
37 1055
38 1814
39 1550
26 39
0 836
1 947
2 1765
3 1039
4 1514
5 1084
6 1057
7 739
8 814
9 744
10 1033
11 995
12 692
13 1026
14 1016
15 965
16 428
17 326
18 1384
19 715
20 1341
21 746
22 1198
23 1926
24 480
25 1670
27 1129
28 751
29 1519
30 623
31 1694
32 1462
33 1170
34 859
35 1217
36 1057
37 615
38 1164
39 1656
27 39
0 580
1 1453
2 1661
3 267
4 1188
5 828
6 953
7 935
8 315
9 930
10 534
11 1422
12 953
13 1425
14 1216
15 193
16 934
17 832
18 1751
19 976
20 569
21 946
22 1394
23 1154
24 986
25 1380
26 1129
28 407
29 1006
30 1022
31 922
32 1206
33 959
34 1084
35 1601
36 558
37 815
38 820
39 2055
28 39
0 601
1 1046
2 1558
3 288
4 1332
5 849
6 850
7 838
8 722
9 843
10 896
11 1094
12 761
13 1075
14 809
15 214
16 527
17 425
18 1483
19 784
20 590
21 539
22 1297
23 1175
24 579
25 1401
26 751
27 407
29 1027
30 722
31 943
32 1227
33 980
34 677
35 1316
36 786
37 408
38 413
39 1705
29 39
0 1200
1 1712
2 2099
3 887
4 1787
5 1448
6 1573
7 1012
8 1106
9 1017
10 1325
11 1862
12 827
13 1299
14 1565
15 813
16 1295
17 1193
18 1943
19 850
20 1189
21 1178
22 1471
23 1774
24 1039
25 1097
26 1519
27 1006
28 1027
30 896
31 639
32 1826
33 1443
34 1132
35 1490
36 863
37 1309
38 1236
39 1929
30 39
0 807
1 816
2 1203
3 755
4 891
5 980
6 855
7 116
8 736
9 121
10 955
11 966
12 69
13 403
14 669
15 829
16 399
17 297
18 1047
19 92
20 800
21 282
22 575
23 1790
24 143
25 1323
26 623
27 1022
28 722
29 896
31 1410
32 1433
33 547
34 236
35 594
36 979
37 413
38 1135
39 1033
31 39
0 1116
1 1989
2 2197
3 655
4 2110
5 1364
6 1489
7 1526
8 1237
9 1531
10 1456
11 1777
12 1341
13 1378
14 1112
15 729
16 1470
17 1368
18 2287
19 1364
20 957
21 1482
22 1985
23 1690
24 1522
25 458
26 1694
27 922
28 943
29 639
30 1410
32 1742
33 1495
34 1620
35 2004
36 1480
37 1351
38 1356
39 2008
32 39
0 626
1 1553
2 1707
3 1087
4 1767
5 874
6 999
7 1514
8 894
9 1509
10 1113
11 1601
12 1502
13 1779
14 1842
15 1013
16 1034
17 1136
18 1797
19 1525
20 1389
21 1572
22 1973
23 1974
24 1290
25 2200
26 1462
27 1206
28 1227
29 1826
30 1433
31 1742
33 1779
34 1669
35 1647
36 1137
37 1441
38 849
39 2409
33 39
0 1153
1 1363
2 1750
3 840
4 1438
5 1393
6 1268
7 663
8 1274
9 668
10 1493
11 1090
12 616
13 691
14 425
15 766
16 946
17 844
18 1594
19 639
20 1142
21 829
22 1122
23 1727
24 690
25 1079
26 1170
27 959
28 980
29 1443
30 547
31 1495
32 1779
34 783
35 1141
36 1517
37 826
38 1393
39 1321
34 39
0 1043
1 1052
2 967
3 965
4 655
5 836
6 711
7 352
8 972
9 357
10 1191
11 1202
12 305
13 639
14 670
15 891
16 635
17 533
18 1283
19 328
20 1036
21 138
22 811
23 1852
24 379
25 1324
26 859
27 1084
28 677
29 1132
30 236
31 1620
32 1669
33 783
35 830
36 1215
37 269
38 1090
39 1269
35 39
0 1021
1 426
2 1606
3 1349
4 1485
5 773
6 898
7 710
8 1289
9 715
10 1508
11 1512
12 663
13 997
14 1263
15 1408
16 945
17 891
18 1641
19 686
20 1394
21 876
22 1169
23 2369
24 737
25 1917
26 1217
27 1601
28 1316
29 1490
30 594
31 2004
32 1647
33 1141
34 830
36 1532
37 1007
38 1729
39 1627
36 39
0 511
1 1405
2 1592
3 825
4 1116
5 759
6 884
7 863
8 243
9 858
10 462
11 1350
12 1048
13 1303
14 1569
15 751
16 886
17 784
18 1682
19 1071
20 1127
21 1261
22 1322
23 1712
24 938
25 1938
26 1057
27 558
28 786
29 863
30 979
31 1480
32 1137
33 1517
34 1215
35 1532
37 1194
38 373
39 1933
37 39
0 815
1 1229
2 1150
3 696
4 924
5 567
6 442
7 529
8 1083
9 534
10 1302
11 1066
12 482
13 667
14 401
15 622
16 812
17 710
18 1240
19 505
20 998
21 131
22 988
23 1583
24 556
25 1055
26 615
27 815
28 408
29 1309
30 413
31 1351
32 1441
33 826
34 269
35 1007
36 1194
38 821
39 1297
38 39
0 884
1 1459
2 1965
3 701
4 1137
5 1132
6 1257
7 1236
8 616
9 1231
10 483
11 1371
12 1174
13 930
14 1196
15 627
16 940
17 838
18 1896
19 1197
20 1003
21 952
22 1695
23 1588
24 992
25 1814
26 1164
27 820
28 413
29 1236
30 1135
31 1356
32 849
33 1393
34 1090
35 1729
36 373
37 821
39 1560
39 39
0 1840
1 1475
2 2236
3 1788
4 1924
5 1864
6 1739
7 1149
8 1769
9 1154
10 1988
11 1561
12 1102
13 630
14 896
15 1862
16 1432
17 1330
18 2080
19 1125
20 1833
21 1315
22 1608
23 2823
24 1176
25 1550
26 1656
27 2055
28 1705
29 1929
30 1033
31 2008
32 2409
33 1321
34 1269
35 1627
36 1933
37 1297
38 1560