1.00000
40 20
10 32 11 27 1 18 23 28 4 9 12 31 24 30 33 34 22 2 35 15
38
0 39
1 902
2 996
3 1014
4 1068
5 946
6 918
7 987
8 468
9 975
10 647
11 935
12 1445
13 1211
14 826
15 1287
16 936
17 761
18 1228
19 532
20 862
21 1011
22 1268
23 875
24 919
25 1109
26 835
27 1652
28 1056
29 361
30 333
31 519
32 1315
33 835
34 1079
35 1195
36 1362
37 123
38 801
39 873
1 39
0 902
2 903
3 170
4 637
5 1506
6 707
7 638
8 811
9 1119
10 1207
11 1041
12 1352
13 1086
14 1439
15 1194
16 1202
17 668
18 736
19 1145
20 769
21 989
22 439
23 750
24 786
25 1293
26 1259
27 1526
28 931
29 1017
30 946
31 383
32 823
33 987
34 546
35 430
36 1223
37 779
38 953
39 29
2 39
0 996
1 903
3 733
4 615
5 1186
6 803
7 734
8 1332
9 686
10 887
11 608
12 919
13 1182
14 1121
15 761
16 769
17 235
18 702
19 1129
20 336
21 669
22 1002
23 846
24 466
25 829
26 826
27 1325
28 1027
29 1111
30 1201
31 1228
32 789
33 708
34 761
35 877
36 1353
37 873
38 742
39 874
3 39
0 1014
1 170
2 733
4 807
5 1456
6 537
7 468
8 981
9 949
10 1157
11 871
12 1182
13 916
14 1384
15 1024
16 1032
17 498
18 848
19 1155
20 599
21 902
22 269
23 580
24 736
25 1151
26 1089
27 1588
28 761
29 1129
30 1116
31 495
32 935
33 817
34 376
35 260
36 1053
37 891
38 783
39 141
4 39
0 1068
1 637
2 615
3 807
5 869
6 486
7 417
8 1015
9 600
10 570
11 866
12 1534
13 865
14 1377
15 1376
16 1384
17 850
18 1300
19 1043
20 934
21 352
22 1076
23 529
24 149
25 1164
26 740
27 1583
28 710
29 1183
30 884
31 1020
32 1387
33 766
34 509
35 625
36 1186
37 945
38 732
39 666
5 39
0 946
1 1506
2 1186
3 1456
4 869
6 1057
7 988
8 748
9 1171
10 299
11 1437
12 1927
13 1436
14 1106
15 1661
16 1216
17 1243
18 776
19 812
20 1142
21 923
22 1548
23 1100
24 720
25 1333
26 1115
27 1566
28 1281
29 702
30 613
31 1336
32 863
33 1337
34 1080
35 1196
36 1642
37 940
38 1303
39 1483
6 39
0 918
1 707
2 803
3 537
4 486
5 1057
7 69
8 720
9 613
10 758
11 380
12 1371
13 379
14 1078
15 972
16 1160
17 687
18 952
19 756
20 586
21 365
22 806
23 43
24 337
25 1168
26 753
27 1097
28 224
29 971
30 585
31 1032
32 1039
33 280
34 161
35 277
36 838
37 1041
38 246
39 678
7 39
0 987
1 638
2 734
3 468
4 417
5 988
6 69
8 789
9 682
10 689
11 449
12 1302
13 448
14 1147
15 1041
16 1091
17 618
18 883
19 687
20 517
21 434
22 737
23 112
24 268
25 1099
26 822
27 1166
28 293
29 1040
30 654
31 963
32 970
33 349
34 92
35 208
36 769
37 1064
38 315
39 609
8 39
0 468
1 811
2 1332
3 981
4 1015
5 748
6 720
7 789
9 777
10 449
11 1100
12 1912
13 1013
14 628
15 1183
16 738
17 1228
18 1468
19 334
20 1306
21 663
22 1070
23 677
24 866
25 911
26 637
27 1817
28 858
29 545
30 135
31 987
32 1555
33 1000
34 881
35 997
36 1164
37 591
38 966
39 840
9 39
0 975
1 1119
2 686
3 949
4 600
5 1171
6 613
7 682
8 777
10 872
11 460
12 1135
13 992
14 1135
15 977
16 847
17 451
18 918
19 443
20 552
21 248
22 1218
23 656
24 451
25 564
26 140
27 1177
28 731
29 1052
30 642
31 1444
32 1005
33 360
34 774
35 890
36 667
37 1089
38 394
39 1090
10 39
0 647
1 1207
2 887
3 1157
4 570
5 299
6 758
7 689
8 449
9 872
11 1138
12 1806
13 1137
14 807
15 1362
16 917
17 1122
18 1075
19 513
20 1206
21 624
22 1249
23 801
24 421
25 1090
26 816
27 1855
28 982
29 724
30 314
31 1166
32 1162
33 1038
34 781
35 897
36 1343
37 770
38 1004
39 1236
11 39
0 935
1 1041
2 608
3 871
4 866
5 1437
6 380
7 449
8 1100
9 460
10 1138
12 1057
13 759
14 1259
15 860
16 907
17 373
18 840
19 903
20 474
21 708
22 1140
23 423
24 717
25 1024
26 600
27 717
28 471
29 859
30 965
31 1366
32 927
33 100
34 541
35 657
36 1127
37 1011
38 134
39 1012
12 39
0 1445
1 1352
2 919
3 1182
4 1534
5 1927
6 1371
7 1302
8 1912
9 1135
10 1806
11 1057
13 1750
14 1570
15 1210
16 1218
17 684
18 1151
19 1578
20 785
21 1383
22 1451
23 1414
24 1385
25 1699
26 1275
27 1774
28 1528
29 1560
30 1777
31 1677
32 1238
33 1157
34 1210
35 1326
36 1802
37 1322
38 1191
39 1323
13 39
0 1211
1 1086
2 1182
3 916
4 865
5 1436
6 379
7 448
8 1013
9 992
10 1137
11 759
12 1750
14 1371
15 1351
16 1481
17 1066
18 1331
19 1077
20 965
21 744
22 1185
23 336
24 716
25 1547
26 1132
27 1476
28 517
29 1288
30 878
31 1411
32 1418
33 659
34 540
35 656
36 1217
37 1334
38 625
39 1057
14 39
0 826
1 1439
2 1121
3 1384
4 1377
5 1106
6 1078
7 1147
8 628
9 1135
10 807
11 1259
12 1570
13 1371
15 1412
16 1096
17 886
18 1151
19 692
20 785
21 1171
22 1428
23 1035
24 1228
25 1269
26 995
27 1941
28 1216
29 903
30 493
31 1345
32 1238
33 1358
34 1210
35 1326
36 593
37 949
38 1324
39 1468
15 39
0 1287
1 1194
2 761
3 1024
4 1376
5 1661
6 972
7 1041
8 1183
9 977
10 1362
11 860
12 1210
13 1351
14 1412
16 445
17 526
18 993
19 849
20 627
21 1225
22 1293
23 1015
24 1227
25 726
26 1117
27 1577
28 1063
29 1402
30 1048
31 1519
32 1080
33 760
34 1052
35 1168
36 1644
37 1164
38 726
39 1165
16 39
0 936
1 1202
2 769
3 1032
4 1384
5 1216
6 1160
7 1091
8 738
9 847
10 917
11 907
12 1218
13 1481
14 1096
15 445
17 534
18 978
19 404
20 612
21 1095
22 1301
23 1145
24 1235
25 1171
26 707
27 1624
28 1326
29 1013
30 603
31 1455
32 1065
33 1007
34 1037
35 1153
36 1234
37 1059
38 1041
39 1173
17 39
0 761
1 668
2 235
3 498
4 850
5 1243
6 687
7 618
8 1228
9 451
10 1122
11 373
12 684
13 1066
14 886
15 526
16 534
18 467
19 894
20 101
21 699
22 767
23 730
24 701
25 1015
26 591
27 1090
28 844
29 876
30 1093
31 993
32 554
33 473
34 526
35 642
36 1118
37 638
38 507
39 639
18 39
0 1228
1 736
2 702
3 848
4 1300
5 776
6 952
7 883
8 1468
9 918
10 1075
11 840
12 1151
13 1331
14 1151
15 993
16 978
17 467
19 1361
20 366
21 1166
22 1117
23 995
24 1151
25 557
26 1058
27 790
28 1079
29 1213
30 1333
31 1061
32 87
33 776
34 791
35 907
36 1468
37 1105
38 742
39 707
19 39
0 532
1 1145
2 1129
3 1155
4 1043
5 812
6 756
7 687
8 334
9 443
10 513
11 903
12 1578
13 1077
14 692
15 849
16 404
17 894
18 1361
20 995
21 691
22 1134
23 741
24 894
25 942
26 303
27 1620
28 922
29 609
30 199
31 1051
32 1448
33 803
34 779
35 895
36 830
37 655
38 837
39 1174
20 39
0 862
1 769
2 336
3 599
4 934
5 1142
6 586
7 517
8 1306
9 552
10 1206
11 474
12 785
13 965
14 785
15 627
16 612
17 101
18 366
19 995
21 800
22 868
23 629
24 785
25 923
26 692
27 1156
28 810
29 847
30 1171
31 1094
32 453
33 574
34 425
35 541
36 1102
37 739
38 608
39 740
21 39
0 1011
1 989
2 669
3 902
4 352
5 923
6 365
7 434
8 663
9 248
10 624
11 708
12 1383
13 744
14 1171
15 1225
16 1095
17 699
18 1166
19 691
20 800
22 1171
23 408
24 203
25 812
26 388
27 1425
28 589
29 1088
30 678
31 1372
32 1253
33 608
34 526
35 642
36 915
37 999
38 611
39 1018
22 39
0 1268
1 439
2 1002
3 269
4 1076
5 1548
6 806
7 737
8 1070
9 1218
10 1249
11 1140
12 1451
13 1185
14 1428
15 1293
16 1301
17 767
18 1117
19 1134
20 868
21 1171
23 849
24 1005
25 1420
26 1358
27 1857
28 1030
29 1345
30 935
31 764
32 1204
33 1086
34 645
35 529
36 1322
37 1160
38 1052
39 410
23 39
0 875
1 750
2 846
3 580
4 529
5 1100
6 43
7 112
8 677
9 656
10 801
11 423
12 1414
13 336
14 1035
15 1015
16 1145
17 730
18 995
19 741
20 629
21 408
22 849
24 380
25 1211
26 796
27 1140
28 181
29 952
30 542
31 1075
32 1082
33 323
34 204
35 320
36 881
37 998
38 289
39 721
24 39
0 919
1 786
2 466
3 736
4 149
5 720
6 337
7 268
8 866
9 451
10 421
11 717
12 1385
13 716
14 1228
15 1227
16 1235
17 701
18 1151
19 894
20 785
21 203
22 1005
23 380
25 1015
26 591
27 1434
28 561
29 1034
30 735
31 1169
32 1238
33 617
34 360
35 476
36 1037
37 796
38 583
39 815
25 39
0 1109
1 1293
2 829
3 1151
4 1164
5 1333
6 1168
7 1099
8 911
9 564
10 1090
11 1024
12 1699
13 1547
14 1269
15 726
16 1171
17 1015
18 557
19 942
20 923
21 812
22 1420
23 1211
24 1015
26 704
27 1347
28 1295
29 1186
30 776
31 1618
32 644
33 924
34 1007
35 891
36 1231
37 1232
38 958
39 1264
26 39
0 835
1 1259
2 826
3 1089
4 740
5 1115
6 753
7 822
8 637
9 140
10 816
11 600
12 1275
13 1132
14 995
15 1117
16 707
17 591
18 1058
19 303
20 692
21 388
22 1358
23 796
24 591
25 704
27 1317
28 871
29 912
30 502
31 1354
32 1145
33 500
34 914
35 1030
36 527
37 958
38 534
39 1230
27 39
0 1652
1 1526
2 1325
3 1588
4 1583
5 1566
6 1097
7 1166
8 1817
9 1177
10 1855
11 717
12 1774
13 1476
14 1941
15 1577
16 1624
17 1090
18 790
19 1620
20 1156
21 1425
22 1857
23 1140
24 1434
25 1347
26 1317
28 1188
29 1576
30 1682
31 1851
32 877
33 817
34 1258
35 1374
36 1844
37 1728
38 851
39 1497
28 39
0 1056
1 931
2 1027
3 761
4 710
5 1281
6 224
7 293
8 858
9 731
10 982
11 471
12 1528
13 517
14 1216
15 1063
16 1326
17 844
18 1079
19 922
20 810
21 589
22 1030
23 181
24 561
25 1295
26 871
27 1188
29 917
30 723
31 1256
32 1166
33 371
34 385
35 501
36 1062
37 1155
38 337
39 902
29 39
0 361
1 1017
2 1111
3 1129
4 1183
5 702
6 971
7 1040
8 545
9 1052
10 724
11 859
12 1560
13 1288
14 903
15 1402
16 1013
17 876
18 1213
19 609
20 847
21 1088
22 1345
23 952
24 1034
25 1186
26 912
27 1576
28 917
30 410
31 634
32 1300
33 759
34 1132
35 1248
36 1439
37 238
38 725
39 988
30 39
0 333
1 946
2 1201
3 1116
4 884
5 613
6 585
7 654
8 135
9 642
10 314
11 965
12 1777
13 878
14 493
15 1048
16 603
17 1093
18 1333
19 199
20 1171
21 678
22 935
23 542
24 735
25 776
26 502
27 1682
28 723
29 410
31 852
32 1420
33 865
34 746
35 862
36 1029
37 456
38 831
39 975
31 39
0 519
1 383
2 1228
3 495
4 1020
5 1336
6 1032
7 963
8 987
9 1444
10 1166
11 1366
12 1677
13 1411
14 1345
15 1519
16 1455
17 993
18 1061
19 1051
20 1094
21 1372
22 764
23 1075
24 1169
25 1618
26 1354
27 1851
28 1256
29 634
30 852
32 1148
33 1312
34 871
35 755
36 1548
37 396
38 1278
39 354
32 39
0 1315
1 823
2 789
3 935
4 1387
5 863
6 1039
7 970
8 1555
9 1005
10 1162
11 927
12 1238
13 1418
14 1238
15 1080
16 1065
17 554
18 87
19 1448
20 453
21 1253
22 1204
23 1082
24 1238
25 644
26 1145
27 877
28 1166
29 1300
30 1420
31 1148
33 863
34 878
35 994
36 1555
37 1192
38 829
39 794
33 39
0 835
1 987
2 708
3 817
4 766
5 1337
6 280
7 349
8 1000
9 360
10 1038
11 100
12 1157
13 659
14 1358
15 760
16 1007
17 473
18 776
19 803
20 574
21 608
22 1086
23 323
24 617
25 924
26 500
27 817
28 371
29 759
30 865
31 1312
32 863
34 441
35 557
36 1027
37 958
38 34
39 958
34 39
0 1079
1 546
2 761
3 376
4 509
5 1080
6 161
7 92
8 881
9 774
10 781
11 541
12 1210
13 540
14 1210
15 1052
16 1037
17 526
18 791
19 779
20 425
21 526
22 645
23 204
24 360
25 1007
26 914
27 1258
28 385
29 1132
30 746
31 871
32 878
33 441
35 116
36 677
37 1156
38 407
39 517
35 39
0 1195
1 430
2 877
3 260
4 625
5 1196
6 277
7 208
8 997
9 890
10 897
11 657
12 1326
13 656
14 1326
15 1168
16 1153
17 642
18 907
19 895
20 541
21 642
22 529
23 320
24 476
25 891
26 1030
27 1374
28 501
29 1248
30 862
31 755
32 994
33 557
34 116
36 793
37 1151
38 523
39 401
36 39
0 1362
1 1223
2 1353
3 1053
4 1186
5 1642
6 838
7 769
8 1164
9 667
10 1343
11 1127
12 1802
13 1217
14 593
15 1644
16 1234
17 1118
18 1468
19 830
20 1102
21 915
22 1322
23 881
24 1037
25 1231
26 527
27 1844
28 1062
29 1439
30 1029
31 1548
32 1555
33 1027
34 677
35 793
37 1485
38 1061
39 1194
37 39
0 123
1 779
2 873
3 891
4 945
5 940
6 1041
7 1064
8 591
9 1089
10 770
11 1011
12 1322
13 1334
14 949
15 1164
16 1059
17 638
18 1105
19 655
20 739
21 999
22 1160
23 998
24 796
25 1232
26 958
27 1728
28 1155
29 238
30 456
31 396
32 1192
33 958
34 1156
35 1151
36 1485
38 924
39 750
38 39
0 801
1 953
2 742
3 783
4 732
5 1303
6 246
7 315
8 966
9 394
10 1004
11 134
12 1191
13 625
14 1324
15 726
16 1041
17 507
18 742
19 837
20 608
21 611
22 1052
23 289
24 583
25 958
26 534
27 851
28 337
29 725
30 831
31 1278
32 829
33 34
34 407
35 523
36 1061
37 924
39 924
39 39
0 873
1 29
2 874
3 141
4 666
5 1483
6 678
7 609
8 840
9 1090
10 1236
11 1012
12 1323
13 1057
14 1468
15 1165
16 1173
17 639
18 707
19 1174
20 740
21 1018
22 410
23 721
24 815
25 1264
26 1230
27 1497
28 902
29 988
30 975
31 354
32 794
33 958
34 517
35 401
36 1194
37 750
38 924